1111111111111111111111111
1000000000111011111000001
1101011111111011111011101
1101000000000000000001101
1101011111011111111011101
1101011111000000111010001
1101011111011110111011101
1001000001010110111011101
1111111101110110111011111
1101000001110111111000001
1101010101110000000010111
1100010101111111011010111
1101110100000111011010001
1101110110110111111010111
1111111110110111111011111
1100011110110000011000001
1101011110111101011110111
1101011110111101011110111
1111000000111101011000001
1110111110100001011110111
1110111110101111011110111
1110111110101111011111111
1100000000001111000001111
1110111111111111111100001
1111111111111111111111101
